Cache comment line
85dfe8f5138754abb6ffcc2631f40242ad34eb4e172b934c39d5fbd276b30977 19 19 4181 1684
63fb0f6b6df992e0568146e4d3c7a754160021db71f9b17061cd7b5b7da55f94 1 0 0 0
9204310ac118a3dc27a1750560fa0366b15ab6686d0767dcd4235aa50e2947a7 7077 17 1057 439
9bd401610c0b20787d921ec5098640c21d604db31d0c63053d3515c3bae57de4 3 3 33566 1
417eb73a6c9055ae43cdf8df273e5f97f4432947a9d1182033e7df75a966add6 194 187 97452 5367
597bcafbd488aca1fad5c02ff5b52bd06de6e209eb134825ee0d1b96816f703e 24 24 25040 18780
915e38cf751d32e07179e824ef8085fd330f171bc04c422bf24253c0879c3b37 1 1 11193 0
5b0717cab7518aaf7faedaa8dc350f9350da2ab74eb37af8378153c322be9232 24 24 28634 1010
edec6f6df5157a91289cc5850c0a050423d56eebb96aa14412941f91091fff1a 18 18 15380 1798
1dfb241088847c4cbf5b52dcc5122317f37a0f8221374d661e340dd8c996b6f5 77 5 15549 3935
bfb5564f1f28662693b0f996d1a1c036fe9ea52fb22bdcd4a897317cea36240c 89 0 0 0
ab76f3fdea30866d6edf2db590afd016b7bc604130c6b2214c5ac844db4ba41b 19 19 37317 3994
3751ef7d01cb1f7d1b6c33b14f599e54a6bb02447adf61d619f66225ac13ac40 4 4 23430 1078
c0eef61f49470907b8d920b14a0e14eccfaf559e7b9e8d0fe1c68bb72cdda170 2 2 2019 1
d616e9f74f2af55aa3df233a14e2e9f7fefd0b5b517510514c255c3edfc5cfa4 48 47 28120 1884
22f5d8b0a3cd224c2a7d67c20494310d6fe73684447981fe5bd32725e7ffa573 53 5 150389 218
58dcc7032977afe9d5ae92d5591041a1b590c5ed02aa518c6cfbce8726b6ac5c 10 10 23244 2407
213b14defbc37ee417ee22aa5eb0e38438c739f4aa93288d8e2013f2deb69fb2 1 1 21 0
35684e5cd5caf49db8bae8f38ca9f1577183132c9e237f40461970ebd63d5c93 5 0 0 0
8f089da770d6284765bff43d36534b9b3be0798bac4bbf6e9479f552fc91afb3 24 24 54302 4275
03532e2f493b83f3e0fc51407f1ba1ccff5d0604d7c73379cfb82b7f6e670774 2 2 5005 0
04a497bb190a22d502de9ccfcee3d618b1630f65f3bfea4abbc2eca5259140ee 15 15 7406 470
27c57d6cf22830f665940c04a14688588752f979215c97a1e357f390f6cadb07 2 2 7041 58
e7fa295815e226e0006fca0bb260e757a7b0f6643b191dd790bd92615e382a68 12 9 16482 3954
754c4fee3ee98fbb737e7964c17cdcf6ceb989dfa15820205e729ee1037d210c 10 10 18273 193
a94f6628c5dd3e7f0bb97251acbd9104b6a373567392210c729fc282c7e8056b 1 1 1 0
40212e5d0ec5fd31c536fff7710c6c25d11b1953c95505c0957b566894c0b8ea 15 11 18507 4353
aa7f342e7014f7611086cd59d3fdc4282c7e8c165e604da2e3bf4579371d8ddc 5 5 2473 195
a498631bf3da4899eb7ef18512b7e8bd75a7857be328573c3da8fbc274b7bfdb 33 33 48313 2051
